$ANSIBLE_VAULT;1.1;AES256
36613166343439323437353833346338623363363862636563356333373634326361323763313634
3963633037336462343838356265353935336566303237370a386239633734346661366466646634
64313835333037666333626533346538633630626533646466666561343865663865346164353237
3336306139626232310a616434633862366436393031623563366431306634346561323865383765
64616530333534326239613036646463353839636438383235326130623165623038353533396433
36653665373965343035643235346365373734626637393261376661653535353636343165633530
35623966313035356336663866653665663537353832343435323734373137636138613937386434
66643037313532336664316134366634336238353733633262393162363037643164383463336535
66366132653430643166333663636532333536663033343830663138366337353139306230326361
30353762353035396236663433393762333362623162383432376333343261386336343934316661
30313734313132366637386164313464373937613466373161333533633438343963346539633264
30626164363532633630363861656335663535336666636661626264613233353861313662383331
36343130383732636333303363366263346338346164393634373434383936613532346238313534
36616332346338633737663361393831633536666161376632323338386630633561363232393330
63356362336631633139646233333335623163653836633566303435383636666230396435326664
36316232353763613165393265653837643561663137656438336235316239643036353734623763
30336339663137303965616162336133626338353364393666653934663734623066373639383163
34333262326231336433373532333530616632366666356263613630653261666634633965303833
37643834623536366138636461373436623632356264356239353131333564323865306430323766
61303966653935333639616330346466653136303036373633373163636239333166376165656365
64633034366165363732623730303633623961366330636335333439343931663661383965323037
36303330356537626531336537393366393630636434633035623365653163663334643233303437
34343265383834353663323865396238636630643239633332636632663837616534313566376630
32346166366237653964653163393530376666633338613966343334336135363835333237653962
3733
