$ANSIBLE_VAULT;1.1;AES256
38373630313932333334346266336230323138383332306438643733323866626431626535643230
3534346135666465663962616434616564363037663135640a396337346136336661313031333038
32656165336439643264386133643135623433313664373537313434363336303761626432343734
6363616131353134370a353938343862666132313636373463393833386161303265393338363631
61623930393166653662376562623962393966363432383435383238333137333935633339613833
38386633353163616430383833343065333661646234396535643435356531316135646434316638
64653265633233373965313735366166313033316164663831373337626534623633633734636661
66663662623461313938623964653234303964376335623732303161613462333565373439666132
36666237643232643930366239613533646338383935363630376561383663386338363235343161
34623765656365633365376236613965333764613264316639623538343230383861663935346238
32613933613464336431303233663535356635336633313165336662386131363934333834373036
63363135636630383237396238646361313238663065663139636333323463353164326534396431
32326461616635656262656631646466323630326539373637623732386466363263663330383365
30323765346462666261353732373361366534366463633166646233376265356331623630373037
62663135343137383933613632316265633062326339626538303533346466346262303732386461
38323563393731393238373432323963336630333865303435646464643439336333303636323439
64333739343535356465396261663466323239363336386265656537613534656665646536626639
37663737333033646662396162366338353333383665373033343630633939383433353637363764
35636432623764646137376363633365353930323539643762356362623938616366613132633136
35363532643263323034643762353265666465616363653662306638366534373666303063633663
36633164653462346338613331376331343939613239383539396361386361643439316131613337
63333832343563353835346236633130336237383830653930373638633338353233656566643463
65616165633135333864623366336161623036323763666631613032636637373537373639383734
37663664383738633766623666653035643964613261356436353430353065306634616331396539
6363
